Senha = 100200
Dinheiro = 800
Level = 0
Skin = 285
Genero = 1
Admin = 10
Interior = 0
VirtualW = 0
VidaHP = 100.00000000
ColeteHP = 0.00000000
PosX = 1596.75219726
PosY = -1688.99584960
PosZ = 5.89062500
PosR = 48.06820678
